00000001000
00000110000
00000011000
00000000000
00000000000
00000000000
00000000000
00000000000
00000001010
00000001100
00000000100
00000000000
00000000000
00000000000
00000000000
00000000001
00000000110
00000000011
00000000000
00000000000
00000000000
00000000000
00000000000
00000000000
00000000000
00000000000
00000000000
00000000000
00100000000
01000000000
11011000000
01000000000
00100000000
00000000000
00000000000
00000000000
00000000000
00000000000
00000000000
00000000000
00000000000
00000000000
00000000000
00000000011
00000000110
00000000001
00000000000
00000000000
00000000000
00000000000
00000000100
00000001100
00000001010
00000000000
00000000000
00000000000
00000000000
00000000000
00000011000
00000110000
00000001000